   100.000000000;    -240.332612700; -0.999200000
   100.505050505;    -240.386133715; -0.999355556
   101.010101010;    -240.351931159; -0.999244444
   101.515151515;    -240.230069597; -0.998933333
   102.020202020;    -240.223645263; -0.998911111
   102.525252525;    -240.204433821; -0.998866667
   103.030303030;    -240.064439115; -0.998511111
   103.535353535;    -240.080927570; -0.998533333
   104.040404040;    -240.050352600; -0.998488889
   104.545454545;    -239.943538752; -0.998177778
   105.050505051;    -239.803804597; -0.997755556
   105.555555556;    -239.848990023; -0.997888889
   106.060606061;    -239.660236788; -0.997377778
   106.565656566;    -239.509001839; -0.996911111
   107.070707071;    -239.452425644; -0.996755556
   107.575757576;    -239.352545030; -0.996422222
   108.080808081;    -239.211605394; -0.995977778
   108.585858586;    -239.082677399; -0.995600000
   109.090909091;    -238.791712362; -0.994688889
   109.595959596;    -238.642381595; -0.994222222
   110.101010101;    -238.525763118; -0.993888889
   110.606060606;    -238.189880281; -0.992777778
   111.111111111;    -237.872312253; -0.991755556
   111.616161616;    -237.833815609; -0.991733333
   112.121212121;    -237.244587021; -0.989711111
   112.626262626;    -237.071959078; -0.988888889
   113.131313131;    -236.610306544; -0.987266667
   113.636363636;    -236.345112768; -0.986200000
   114.141414141;    -236.079626074; -0.985288889
   114.646464646;    -235.352110424; -0.982533333
   115.151515152;    -234.722135897; -0.980288889
   115.656565657;    -234.369988169; -0.978666667
   116.161616162;    -233.435942902; -0.975022222
   116.666666667;    -233.033917122; -0.973066667
   117.171717172;    -232.671529454; -0.971644444
   117.676767677;    -231.956365940; -0.968733333
   118.181818182;    -231.230666009; -0.965600000
   118.686868687;    -230.246285049; -0.960777778
   119.191919192;    -228.719651691; -0.953355556
   119.696969697;    -227.987794883; -0.950311111
   120.202020202;    -226.458308515; -0.942555556
   120.707070707;    -224.596247916; -0.932666667
   121.212121212;    -223.458995526; -0.924911111
   121.717171717;    -221.361345344; -0.913488889
   122.222222222;    -219.705531674; -0.899800000
   122.727272727;    -216.879310696; -0.881155556
   123.232323232;    -213.385158207; -0.851511111
   123.737373737;    -209.979811006; -0.819488889
   124.242424242;    -203.955825006; -0.738488889
   124.747474747;    -193.295312970; -0.458955556
   125.252525253;    -201.530112732;  0.634333333
   125.757575758;    -208.819414216;  0.760888889
   126.262626263;    -214.938379571;  0.819266667
   126.767676768;    -217.006507924;  0.842333333
   127.272727273;    -220.469575171;  0.870222222
   127.777777778;    -221.742233008;  0.881711111
   128.282828283;    -223.999867100;  0.895133333
   128.787878788;    -225.628795219;  0.903977778
   129.292929293;    -227.343388930;  0.914688889
   129.797979798;    -228.188536841;  0.919000000
   130.303030303;    -230.225093066;  0.930533333
   130.808080808;    -231.036568930;  0.934200000
   131.313131313;    -231.618570960;  0.937511111
   131.818181818;    -232.677721328;  0.942577778
   132.323232323;    -233.482734812;  0.946600000
   132.828282828;    -233.899116371;  0.947800000
   133.333333333;    -235.092062960;  0.953288889
   133.838383838;    -235.858991983;  0.956466667
   134.343434343;    -236.253480118;  0.958400000
   134.848484848;    -236.829243427;  0.960288889
   135.353535354;    -236.762010923;  0.959755556
   135.858585859;    -238.050556793;  0.964311111
   136.363636364;    -238.739951093;  0.967133333
   136.868686869;    -238.978587795;  0.967911111
   137.373737374;    -239.268755539;  0.968533333
   137.878787879;    -240.054327496;  0.971488889
   138.383838384;    -240.397887798;  0.972911111
   138.888888889;    -240.627967634;  0.973466667
   139.393939394;    -241.192896649;  0.975577778
   139.898989899;    -241.778538346;  0.977533333
   140.404040404;    -241.692207769;  0.977400000
   140.909090909;    -242.233538942;  0.978911111
   141.414141414;    -242.523907628;  0.979555556
   141.919191919;    -242.844619540;  0.980733333
   142.424242424;    -243.029272507;  0.981266667
   142.929292929;    -243.596359732;  0.982866667
   143.434343434;    -243.731413968;  0.983355556
   143.939393939;    -243.922850870;  0.984088889
   144.444444444;    -244.108246936;  0.984644444
   144.949494949;    -244.849153557;  0.986577778
   145.454545455;    -244.549279897;  0.985688889
   145.959595960;    -245.066581600;  0.987200000
   146.464646465;    -245.020058215;  0.987111111
   146.969696970;    -245.276900592;  0.987622222
   147.474747475;    -245.264561715;  0.987555556
   147.979797980;    -245.621923412;  0.988422222
   148.484848485;    -245.438681994;  0.987955556
   148.989898990;    -245.837175582;  0.988911111
   149.494949495;    -246.328606083;  0.990244444
   150.000000000;    -245.953208007;  0.989222222
   149.494949495;    -245.804400505;  0.988822222
   148.989898990;    -245.977152744;  0.989266667
   148.484848485;    -245.724511252;  0.988488889
   147.979797980;    -245.661250005;  0.988377778
   147.474747475;    -245.478656702;  0.987822222
   146.969696970;    -245.481308939;  0.987711111
   146.464646465;    -245.539594726;  0.987866667
   145.959595960;    -244.948493072;  0.986222222
   145.454545455;    -244.673290259;  0.985622222
   144.949494949;    -244.481299168;  0.985022222
   144.444444444;    -244.242276851;  0.984377778
   143.939393939;    -243.875810115;  0.983355556
   143.434343434;    -243.948958774;  0.983444444
   142.929292929;    -243.555979795;  0.982422222
   142.424242424;    -243.372240451;  0.981733333
   141.919191919;    -242.993417680;  0.980666667
   141.414141414;    -243.011505197;  0.980400000
   140.909090909;    -242.341105803;  0.978177778
   140.404040404;    -242.047106185;  0.977200000
   139.898989899;    -242.054934993;  0.977266667
   139.393939394;    -241.621992111;  0.975933333
   138.888888889;    -240.960474532;  0.973711111
   138.383838384;    -240.821902733;  0.973244444
   137.878787879;    -240.386455517;  0.971400000
   137.373737374;    -239.763335867;  0.969400000
   136.868686869;    -240.015328186;  0.970266667
   136.363636364;    -238.930052202;  0.966400000
   135.858585859;    -239.165609659;  0.967377778
   135.353535354;    -238.177034045;  0.963266667
   134.848484848;    -237.315320528;  0.959777778
   134.343434343;    -236.695099900;  0.957000000
   133.838383838;    -236.088107876;  0.954533333
   133.333333333;    -235.838974752;  0.953511111
   132.828282828;    -234.661865494;  0.948066667
   132.323232323;    -233.888414867;  0.944488889
   131.818181818;    -232.815897908;  0.939533333
   131.313131313;    -232.209004092;  0.936155556
   130.808080808;    -231.413788162;  0.932022222
   130.303030303;    -230.762917409;  0.928733333
   129.797979798;    -230.242821846;  0.925711111
   129.292929293;    -227.930148848;  0.913088889
   128.787878788;    -226.607993306;  0.905155556
   128.282828283;    -225.502094690;  0.896755556
   127.777777778;    -223.390051637;  0.882866667
   127.272727273;    -221.062947800;  0.864244444
   126.767676768;    -218.247384654;  0.838911111
   126.262626263;    -215.419342716;  0.809266667
   125.757575758;    -211.232835675;  0.757466667
   125.252525253;    -203.410850892;  0.618511111
   124.747474747;    -201.357223899; -0.442088889
   124.242424242;    -213.180490994; -0.741111111
   123.737373737;    -219.483788429; -0.815822222
   123.232323232;    -223.433483958; -0.850733333
   122.727272727;    -227.114647386; -0.881600000
   122.222222222;    -229.929240604; -0.901222222
   121.717171717;    -231.964296687; -0.915288889
   121.212121212;    -233.502719737; -0.923644444
   120.707070707;    -235.085145616; -0.933755556
   120.202020202;    -236.292173398; -0.940333333
   119.696969697;    -237.695092488; -0.947555556
   119.191919192;    -239.041066204; -0.954133333
   118.686868687;    -240.482926440; -0.960955556
   118.181818182;    -241.401103789; -0.965022222
   117.676767677;    -241.913290455; -0.967222222
   117.171717172;    -243.226161091; -0.972666667
   116.666666667;    -243.707936404; -0.974755556
   116.161616162;    -244.237820350; -0.976622222
   115.656565657;    -244.995568527; -0.979622222
   115.151515152;    -245.332128670; -0.980933333
   114.646464646;    -245.919002727; -0.983000000
   114.141414141;    -246.486533033; -0.985088889
   113.636363636;    -247.021178406; -0.987022222
   113.131313131;    -247.137180076; -0.987244444
   112.626262626;    -247.329225530; -0.988000000
   112.121212121;    -247.825156328; -0.989755556
   111.616161616;    -248.505024452; -0.991933333
   111.111111111;    -248.389363107; -0.991622222
   110.606060606;    -248.789505547; -0.992866667
   110.101010101;    -248.854674705; -0.993133333
   109.595959596;    -249.186694697; -0.994200000
   109.090909091;    -249.362839481; -0.994755556
   108.585858586;    -249.546463722; -0.995266667
   108.080808081;    -249.772168684; -0.995977778
   107.575757576;    -249.859753931; -0.996244444
   107.070707071;    -249.843714768; -0.996222222
   106.565656566;    -250.132497025; -0.997066667
   106.060606061;    -250.119602900; -0.997044444
   105.555555556;    -250.478307776; -0.998088889
   105.050505051;    -250.404248670; -0.997866667
   104.545454545;    -250.480823806; -0.998088889
   104.040404040;    -250.485133993; -0.998066667
   103.535353535;    -250.720243819; -0.998733333
   103.030303030;    -250.549710577; -0.998244444
   102.525252525;    -250.601589911; -0.998400000
   102.020202020;    -250.816518071; -0.998977778
   101.515151515;    -250.950447877; -0.999311111
   101.010101010;    -250.904187160; -0.999200000
   100.505050505;    -251.008793994; -0.999444444
   100.000000000;    -250.933438490; -0.999244444
